0.0 0.1 0.2 0.3 0.4 0.5 0.6 0.7 0.8 0.9 
0.1 0.0 1543789.6915926728 524.6260867750426 137.86035423423124 nan 739.8598088231134 1148.4123738320873 1764.9283520215292 2643.4625185773516 
0.2 1834.5334905033137 0.0 3642.6862019395517 0.003966403031885396 nan 666.2146941587253 1101.702104782486 1739.116680369609 2640.5871959953865 
0.3 1022.9493366345718 1588.6261641123785 0.0 46.86754878411796 nan 638.4673297371352 1097.926876668499 1742.6917613549736 2642.3666506100026 
0.4 643.5856341063537 822.5703668399169 1226.2929615915757 0.0 nan 674.740070012027 1146.4969991044295 1777.9712113443336 2649.2115986229674 
0.5 387.35778582607804 449.9957560168575 531.1916844149762 639.476614758465 0.0 1005.7965189304878 1338.255647930418 1881.4943062540897 2664.7633751419294 
0.6 162.14153090141951 170.25431384481575 162.56840380529087 102.04408348325074 nan 0.0 2043.316251481399 2156.4715129567116 2692.762245775145 
0.7 8.636675325864886 48.23381951422019 662.0983482825857 2072.9941070549344 nan 13116.920638399768 0.0 2672.7317618689076 2686.0075161573877 
0.8 1255.9203651712123 62386.36968756095 880.2273270230958 1881.9321070247813 nan 51839.44825811659 56531.800513927206 0.0 1778.6353081058671 
0.9 820256.0996179399 19917.866181522077 99972.25474320957 378149099.09083754 nan 1034855.94374066 1195905.9452789102 71303881.21275383 0.0 
